
Processing fit_rhopi_besiii.c...
 **********
 **    1 **SET ERR           1
 **********
 PARAMETER DEFINITIONS:
    NO.   NAME         VALUE      STEP SIZE      LIMITS
     1 b1b2_phi                2.10160e+03  1.00000e+00    0.00000e+00  1.00000e+04
     2 mr_omega1450            1.46048e+00  1.00000e-03    1.00000e+00  2.00000e+00
     3 wr_omega1450            9.99059e-01  1.00000e-03    1.00000e-02  1.50000e+00
     4 b1b2_omega1450          1.12192e+02  1.00000e-01    0.00000e+00  1.00000e+04
     5 mr_omega1680            1.62766e+00  1.00000e-03    1.00000e+00  2.00000e+00
     6 wr_omega1680            2.36609e-01  1.00000e-03    1.00000e-02  1.00000e+00
     7 b1b2_omega1680          7.66721e+02  1.00000e-01    0.00000e+00  1.00000e+04
     8 mr_omega_new            2.20000e+00  1.00000e-03    2.00000e+00  2.40000e+00
     9 wr_omega_new            1.00000e-01  1.00000e-03    1.00000e-02  1.00000e+00
    10 b1b2_omega_new          1.50000e+00  1.00000e-02    0.00000e+00  1.00000e+02
    11 phase_omega_new         1.57000e+00  1.00000e-03   -7.00000e+00  7.00000e+00
    12 back                    2.83825e+01  1.00000e-03    0.00000e+00  1.00000e+04
    13 phase_back             -2.31770e+00  1.00000e-03   -7.00000e+00  7.00000e+00
 **********
 **    2 **MIGRAD        1000       0.001
 **********
 FIRST CALL TO USER FUNCTION AT NEW START POINT, WITH IFLAG=4.
 START MIGRAD MINIMIZATION.  STRATEGY  1.  CONVERGENCE WHEN EDM .LT. 1.00e-06
 FCN=3777.75 FROM MIGRAD    STATUS=INITIATE      360 CALLS         361 TOTAL
                     EDM= unknown      STRATEGY= 1      NO ERROR MATRIX       
  EXT PARAMETER               CURRENT GUESS       STEP         FIRST   
  NO.   NAME      VALUE            ERROR          SIZE      DERIVATIVE 
   1  b1b2_phi                2.15049e+00   1.00000e+00   0.00000e+00  -3.64979e+00
   2  mr_omega1450            1.98402e+00   1.00000e-03   0.00000e+00   4.76798e+02
   3  wr_omega1450            9.99059e-01   1.00000e-03   0.00000e+00   4.66051e+03
   4  b1b2_omega1450          1.12192e+02   1.00000e-01   0.00000e+00   2.18462e+04
   5  mr_omega1680            1.62766e+00   1.00000e-03   0.00000e+00   1.98881e+03
   6  wr_omega1680            5.26149e-01   1.00000e-03   0.00000e+00  -7.68639e+03
   7  b1b2_omega1680          7.66721e+02   1.00000e-01   0.00000e+00  -5.52143e+03
   8  mr_omega_new            2.12575e+00   1.00000e-03  -2.19601e-01  -2.16872e+02
   9  wr_omega_new            1.00000e-01   1.00000e-03   0.00000e+00   9.19828e+01
  10  b1b2_omega_new          1.50000e+00   1.00000e-02   0.00000e+00  -9.74485e+02
  11  phase_omega_new         1.57000e+00   1.00000e-03   0.00000e+00   5.27543e+02
  12  back                    2.83825e+01   1.00000e-03   0.00000e+00   2.37782e+05
  13  phase_back             -1.76094e+00   1.00000e-03   0.00000e+00  -1.67232e+04
 CALL LIMIT EXCEEDED IN MIGRAD.
 MIGRAD TERMINATED WITHOUT CONVERGENCE.
 FCN=483.856 FROM MIGRAD    STATUS=CALL LIMIT   1005 CALLS        1006 TOTAL
                     EDM=0.32435    STRATEGY= 1  ERROR MATRIX UNCERTAINTY  18.6 per cent
  EXT PARAMETER                APPROXIMATE        STEP         FIRST   
  NO.   NAME      VALUE            ERROR          SIZE      DERIVATIVE 
   1  b1b2_phi                1.94168e+01   7.94423e+03  -5.54161e-01   1.63843e+00
   2  mr_omega1450            1.93456e+00   1.26555e-02   1.40616e-02   3.54386e+01
   3  wr_omega1450            5.02441e-01   3.78510e-02  -1.49644e-02   3.60271e+01
   4  b1b2_omega1450          9.31448e+01   3.12096e+00  -8.45327e-04   5.99098e+01
   5  mr_omega1680            1.01750e+00   1.51618e-02  -3.33903e-02  -3.31433e+01
   6  wr_omega1680            6.25638e-01   1.02860e-02   6.14313e-03   3.46330e-01
   7  b1b2_omega1680          1.80096e+03   9.69776e+01   7.21061e-03  -1.95947e+01
   8  mr_omega_new            2.13580e+00   3.95010e-03   8.40696e-04   2.42001e-01
   9  wr_omega_new            5.74561e-01   2.76261e-02   1.66945e-02   7.44369e+00
  10  b1b2_omega_new          9.29628e+01   6.17343e+00   7.13716e-02   3.50188e+00
  11  phase_omega_new         1.48129e+00   1.48992e-02  -1.39966e-04  -1.52686e+01
  12  back                    1.85801e+00   1.15687e+00  -2.49082e-03  -1.34218e+02
  13  phase_back             -3.11598e+00   1.75127e-01  -8.17995e-03   1.48173e+02
 EXTERNAL ERROR MATRIX.    NDIM=  25    NPAR= 13    ERR DEF=1
 ELEMENTS ABOVE DIAGONAL ARE NOT PRINTED.
  6.572e+05 
 -9.332e+00  1.603e-04 
  2.954e+01 -4.197e-04  1.434e-03 
  1.908e+03 -3.474e-02  7.851e-02  9.740e+00 
  1.197e+01 -1.848e-04  5.470e-04  3.971e-02  2.309e-04 
 -7.904e+00  1.239e-04 -3.533e-04 -2.669e-02 -1.519e-04  1.058e-04 
 -7.584e+04  1.145e+00 -3.476e+00 -2.352e+02 -1.448e+00  9.486e-01  9.407e+03 
 -8.245e-01  4.474e-07 -6.003e-05  4.204e-03 -8.251e-06  3.474e-06  7.493e-02  1.561e-05 
 -2.041e+01  3.036e-04 -9.618e-04 -6.119e-02 -3.821e-04  2.515e-04  2.465e+00  3.133e-05  7.640e-04 
 -4.920e+03  7.566e-02 -2.236e-01 -1.633e+01 -9.437e-02  6.272e-02  5.932e+02  3.358e-03  1.576e-01  3.888e+01 
  2.198e+00 -4.505e-05  3.919e-06  2.485e-02  5.786e-05 -4.620e-05 -3.382e-01  4.146e-05 -5.941e-05 -2.535e-02  2.220e-04 
  9.106e+02 -1.411e-02  4.120e-02  3.050e+00  1.751e-02 -1.163e-02 -1.098e+02 -5.428e-04 -2.914e-02 -7.206e+00  4.830e-03 
  9.106e+02 -1.411e-02  4.120e-02  3.050e+00  1.751e-02 -1.163e-02 -1.098e+02 -5.428e-04 -2.914e-02 -7.206e+00  4.830e-03  1.338e+00 
  1.382e+02 -2.112e-03  6.288e-03  4.545e-01  2.652e-03 -1.760e-03 -1.664e+01 -1.041e-04 -4.401e-03 -1.089e+00  6.836e-04 
  1.382e+02 -2.112e-03  6.288e-03  4.545e-01  2.652e-03 -1.760e-03 -1.664e+01 -1.041e-04 -4.401e-03 -1.089e+00  6.836e-04  2.021e-01  3.068e-02 
ERR MATRIX APPROXIMATE
 PARAMETER  CORRELATION COEFFICIENTS  
       NO.  GLOBAL      1      2      3      4      5      6      7      8      9     10     11     12     13
        1  0.98575   1.000 -0.909  0.962  0.754  0.972 -0.948 -0.965 -0.257 -0.911 -0.973  0.182  0.971  0.973
        2  0.99414  -0.909  1.000 -0.875 -0.879 -0.960  0.951  0.933  0.009  0.868  0.958 -0.239 -0.963 -0.953
        3  0.99832   0.962 -0.875  1.000  0.664  0.950 -0.907 -0.947 -0.401 -0.919 -0.947  0.007  0.940  0.948
        4  0.98998   0.754 -0.879  0.664  1.000  0.837 -0.831 -0.777  0.341 -0.709 -0.839  0.534  0.845  0.832
        5  0.99926   0.972 -0.960  0.950  0.837  1.000 -0.972 -0.983 -0.137 -0.910 -0.996  0.256  0.996  0.996
        6  0.99011  -0.948  0.951 -0.907 -0.831 -0.972  1.000  0.951  0.085  0.885  0.978 -0.301 -0.977 -0.977
        7  0.99431  -0.965  0.933 -0.947 -0.777 -0.983  0.951  1.000  0.196  0.919  0.981 -0.234 -0.979 -0.979
        8  0.97697  -0.257  0.009 -0.401  0.341 -0.137  0.085  0.196  1.000  0.287  0.136  0.704 -0.119 -0.150
        9  0.97643  -0.911  0.868 -0.919 -0.709 -0.910  0.885  0.919  0.287  1.000  0.914 -0.144 -0.911 -0.909
       10  0.99983  -0.973  0.958 -0.947 -0.839 -0.996  0.978  0.981  0.136  0.914  1.000 -0.273 -0.999 -0.997
       11  0.97874   0.182 -0.239  0.007  0.534  0.256 -0.301 -0.234  0.704 -0.144 -0.273  1.000  0.280  0.262
       12  0.99981   0.971 -0.963  0.940  0.845  0.996 -0.977 -0.979 -0.119 -0.911 -0.999  0.280  1.000  0.997
       13  0.99899   0.973 -0.953  0.948  0.832  0.996 -0.977 -0.979 -0.150 -0.909 -0.997  0.262  0.997  1.000
 ERR MATRIX APPROXIMATE
 **********
 **    3 **HESSE        1000       0.001
 **********
 EIGENVALUES OF SECOND-DERIVATIVE MATRIX:
        -1.1763e-01 -3.9287e-02 -1.7942e-02 -2.6892e-03 -8.0510e-04  2.7073e-04  4.9660e-03  1.0754e-02  4.4610e-02  1.6323e-01  9.8456e-01  3.3720e+00  8.5980e+00
 MINUIT WARNING IN HESSE   
 ============== MATRIX FORCED POS-DEF BY ADDING 0.126226 TO DIAGONAL.
 FCN=483.856 FROM HESSE     STATUS=NOT POSDEF    131 CALLS        1137 TOTAL
                     EDM=84.1192    STRATEGY= 1      ERR MATRIX NOT POS-DEF
  EXT PARAMETER                APPROXIMATE     INTERNAL      INTERNAL  
  NO.   NAME      VALUE            ERROR       STEP SIZE       VALUE   
   1  b1b2_phi                1.94168e+01   6.89109e+03   4.88174e-03  -2.03322e+01
   2  mr_omega1450            1.93456e+00   6.37510e-03   1.03966e-04   2.08819e+00
   3  wr_omega1450            5.02441e-01   1.06918e-02   6.18821e-05  -3.45860e-01
   4  b1b2_omega1450          9.31448e+01   1.30772e+01   4.72363e-05  -1.37747e+00
   5  mr_omega1680            1.01750e+00   9.02151e-03   2.00853e-04  -1.30544e+00
   6  wr_omega1680            6.25638e-01   8.00077e-01   4.49761e-03   2.46193e-01
   7  b1b2_omega1680          1.80096e+03   3.29663e+02   3.22914e-04  -6.94250e-01
   8  mr_omega_new            2.13580e+00   4.56203e-03   1.11526e-04  -3.26801e-01
   9  wr_omega_new            5.74561e-01   1.61499e-02   2.03576e-04   1.40994e-01
  10  b1b2_omega_new          9.29628e+01   1.49982e+00   2.12184e-04   1.03382e+00
  11  phase_omega_new         1.48129e+00   1.22390e-02   7.20834e-06   2.13225e-01
  12  back                    1.85801e+00   1.84114e+00   1.76212e-05  -1.54353e+00
  13  phase_back             -3.11598e+00   6.63110e-01   1.44260e-04  -4.61330e-01
 EXTERNAL ERROR MATRIX.    NDIM=  25    NPAR= 13    ERR DEF=1
 ELEMENTS ABOVE DIAGONAL ARE NOT PRINTED.
  3.891e+05 
  3.289e-01  4.065e-05 
  7.843e-01  6.005e-06  1.143e-04 
  2.626e+03  1.770e-02  1.007e-03  1.710e+02 
 -1.588e+00 -6.789e-06  1.234e-05 -1.650e-02  8.152e-05 
  1.086e+02  1.013e-04  1.452e-03  2.929e+00 -2.756e-03  6.412e-01 
 -4.297e+04 -2.002e-01  4.418e-01 -3.619e+02  3.205e-02 -7.386e+01  1.089e+05 
 -8.585e-01 -7.739e-06 -1.503e-06 -2.822e-02  1.376e-05 -9.285e-04  3.736e-01  2.082e-05 
  9.013e-01  4.043e-05  1.865e-05 -2.821e-02 -4.953e-06  9.547e-04 -1.045e-01  3.218e-05  2.609e-04 
 -3.239e+01  1.962e-04 -2.794e-03 -2.064e+00  2.961e-03  5.016e-02  9.202e+01  5.385e-04  1.684e-03  2.252e+00 
  5.118e-01  1.021e-05 -1.985e-05 -5.056e-03  1.264e-05  1.221e-03  4.396e-01  4.981e-06 -4.398e-06 -2.572e-03  1.498e-04 
  7.916e+02  3.784e-03  1.460e-03  1.572e+01 -7.703e-03  8.344e-01 -1.939e+02 -2.704e-03  7.006e-03 -5.931e-01 -1.323e-03 
  7.916e+02  3.784e-03  1.460e-03  1.572e+01 -7.703e-03  8.344e-01 -1.939e+02 -2.704e-03  7.006e-03 -5.931e-01 -1.323e-03  3.390e+00 
 -2.798e+02 -1.387e-03 -7.908e-04 -5.609e+00  3.157e-03 -2.844e-01  8.219e+01  9.334e-04 -3.012e-03  1.761e-01  3.104e-04 
 -2.798e+02 -1.387e-03 -7.908e-04 -5.609e+00  3.157e-03 -2.844e-01  8.219e+01  9.334e-04 -3.012e-03  1.761e-01  3.104e-04 -1.151e+00  4.414e-01 
ERR MATRIX NOT POS-DEF
 PARAMETER  CORRELATION COEFFICIENTS  
       NO.  GLOBAL      1      2      3      4      5      6      7      8      9     10     11     12     13
        1  0.96131   1.000  0.083  0.118  0.322 -0.282  0.217 -0.209 -0.302  0.089 -0.035  0.067  0.689 -0.675
        2  0.92855   0.083  1.000  0.088  0.212 -0.118  0.020 -0.095 -0.266  0.393  0.021  0.131  0.322 -0.327
        3  0.93189   0.118  0.088  1.000  0.007  0.128  0.170  0.125 -0.031  0.108 -0.174 -0.152  0.074 -0.111
        4  0.94851   0.322  0.212  0.007  1.000 -0.140  0.280 -0.084 -0.473 -0.134 -0.105 -0.032  0.653 -0.646
        5  0.95531  -0.282 -0.118  0.128 -0.140  1.000 -0.381  0.011  0.334 -0.034  0.219  0.114 -0.463  0.526
        6  0.96765   0.217  0.020  0.170  0.280 -0.381  1.000 -0.279 -0.254  0.074  0.042  0.125  0.566 -0.535
        7  0.93462  -0.209 -0.095  0.125 -0.084  0.011 -0.279  1.000  0.248 -0.020  0.186  0.109 -0.319  0.375
        8  0.90783  -0.302 -0.266 -0.031 -0.473  0.334 -0.254  0.248  1.000  0.437  0.079  0.089 -0.322  0.308
        9  0.83817   0.089  0.393  0.108 -0.134 -0.034  0.074 -0.020  0.437  1.000  0.069 -0.022  0.236 -0.281
       10  0.93575  -0.035  0.021 -0.174 -0.105  0.219  0.042  0.186  0.079  0.069  1.000 -0.140 -0.215  0.177
       11  0.93308   0.067  0.131 -0.152 -0.032  0.114  0.125  0.109  0.089 -0.022 -0.140  1.000 -0.059  0.038
       12  0.99189   0.689  0.322  0.074  0.653 -0.463  0.566 -0.319 -0.322  0.236 -0.215 -0.059  1.000 -0.941
       13  0.99001  -0.675 -0.327 -0.111 -0.646  0.526 -0.535  0.375  0.308 -0.281  0.177  0.038 -0.941  1.000
 ERR MATRIX NOT POS-DEF
 FCN=483.856 FROM HESSE     STATUS=NOT POSDEF    131 CALLS        1137 TOTAL
                     EDM=84.1192    STRATEGY= 1      ERR MATRIX NOT POS-DEF
result_best_chisq: 483.856
(int)0
