
Processing fit_pipipi_withallother.c...
 **********
 **    1 **SET ERR           1
 **********
 PARAMETER DEFINITIONS:
    NO.   NAME         VALUE      STEP SIZE      LIMITS
     1 b1b2_phi                2.10160e+03  1.00000e-01    0.00000e+00  1.00000e+04
     2 mr_omega1450            1.46048e+00  1.00000e-03    1.00000e+00  2.00000e+00
     3 wr_omega1450            9.99059e-01  1.00000e-03    1.00000e-02  1.50000e+00
     4 b1b2_omega1450          1.12192e+02  1.00000e-01    0.00000e+00  1.00000e+04
     5 mr_omega1680            1.62766e+00  1.00000e-03    1.00000e+00  2.00000e+00
     6 wr_omega1680            2.36609e-01  1.00000e-03    1.00000e-02  1.00000e+00
     7 b1b2_omega1680          7.66721e+02  1.00000e-01    0.00000e+00  1.00000e+04
     8 mr_omega_new            2.20000e+00  1.00000e-03    2.00000e+00  2.40000e+00
     9 wr_omega_new            1.00000e-01  1.00000e-03    1.00000e-02  1.00000e+00
    10 b1b2_omega_new          1.50000e+00  1.00000e-02    0.00000e+00  1.00000e+02
    11 phase_omega_new         1.57000e+00  1.00000e-03   -7.00000e+00  7.00000e+00
    12 back                    2.83825e+01  1.00000e-03    0.00000e+00  1.00000e+04
    13 phase_back             -2.31770e+00  1.00000e-03   -4.00000e+00  4.00000e+00
 **********
 **    2 **MIGRAD        1000       0.001
 **********
 FIRST CALL TO USER FUNCTION AT NEW START POINT, WITH IFLAG=4.
 START MIGRAD MINIMIZATION.  STRATEGY  1.  CONVERGENCE WHEN EDM .LT. 1.00e-06
 FCN=1278.44 FROM MIGRAD    STATUS=INITIATE       97 CALLS          98 TOTAL
                     EDM= unknown      STRATEGY= 1      NO ERROR MATRIX       
  EXT PARAMETER               CURRENT GUESS       STEP         FIRST   
  NO.   NAME      VALUE            ERROR          SIZE      DERIVATIVE 
   1  b1b2_phi                2.10160e+03   1.00000e-01   0.00000e+00  -1.35888e+01
   2  mr_omega1450            1.46048e+00   1.00000e-03   0.00000e+00   4.32102e+02
   3  wr_omega1450            9.99059e-01   1.00000e-03   0.00000e+00   6.60043e+01
   4  b1b2_omega1450          1.12192e+02   1.00000e-01   0.00000e+00  -1.16254e+03
   5  mr_omega1680            1.62766e+00   1.00000e-03   0.00000e+00   2.23790e+02
   6  wr_omega1680            2.36609e-01   1.00000e-03   0.00000e+00   4.64418e+02
   7  b1b2_omega1680          7.66721e+02   1.00000e-01   0.00000e+00   2.55718e+02
   8  mr_omega_new            2.13221e+00   1.00000e-03  -3.45774e-01  -3.78025e+02
   9  wr_omega_new            1.00000e-01   1.00000e-03   0.00000e+00  -2.93869e+02
  10  b1b2_omega_new          1.50000e+00   1.00000e-02   0.00000e+00  -7.24854e+02
  11  phase_omega_new         1.57000e+00   1.00000e-03   0.00000e+00   5.68741e+02
  12  back                    2.83825e+01   1.00000e-03   0.00000e+00   6.35275e+04
  13  phase_back             -2.31770e+00   1.00000e-03   0.00000e+00  -1.09325e+03
 CALL LIMIT EXCEEDED IN MIGRAD.
 MIGRAD TERMINATED WITHOUT CONVERGENCE.
 FCN=307.932 FROM MIGRAD    STATUS=CALL LIMIT   1023 CALLS        1024 TOTAL
                     EDM=0.129096    STRATEGY= 1  ERROR MATRIX UNCERTAINTY   9.4 per cent
  EXT PARAMETER                APPROXIMATE        STEP         FIRST   
  NO.   NAME      VALUE            ERROR          SIZE      DERIVATIVE 
   1  b1b2_phi                8.39208e+01   8.45290e+01  -9.26555e-03  -8.28229e-01
   2  mr_omega1450            1.58655e+00   2.00670e-02   1.73133e-02   6.61822e+01
   3  wr_omega1450            1.21822e+00   5.42250e-02   4.06655e-02  -1.26182e+01
   4  b1b2_omega1450          2.39512e+02   5.61521e+00   3.21150e-04  -2.06465e+02
   5  mr_omega1680            1.62773e+00   5.32966e-03  -3.33272e-03   2.27143e+01
   6  wr_omega1680            2.09522e-01   9.40753e-03  -4.67977e-03   5.01573e+01
   7  b1b2_omega1680          9.14699e+02   8.21971e+01   1.06023e-02   1.90963e+01
   8  mr_omega_new            2.22828e+00   6.37927e-03   6.48051e-03   1.05494e+01
   9  wr_omega_new            8.32504e-01   4.75238e-02  -1.37216e-02   5.06431e+00
  10  b1b2_omega_new          1.74447e+01   1.87687e+00  -1.78763e-02   5.84795e+01
  11  phase_omega_new         1.43433e+00   7.10492e-02   2.82881e-03   2.44305e+02
  12  back                    1.23110e+00   4.31497e-01  -1.37238e-03   9.83284e+01
  13  phase_back             -2.48873e+00   5.98176e-02  -7.37897e-03  -5.20470e+00
 EXTERNAL ERROR MATRIX.    NDIM=  25    NPAR= 13    ERR DEF=1
 ELEMENTS ABOVE DIAGONAL ARE NOT PRINTED.
  7.166e+03 
 -9.191e-01  4.029e-04 
 -2.266e+00  1.053e-03  2.949e-03 
 -3.245e+01  3.486e-02  4.747e-02  3.153e+01 
  2.391e-01 -9.034e-05 -2.444e-04 -2.904e-03  2.841e-05 
  4.047e-01 -1.265e-04 -2.936e-04 -1.549e-03  3.783e-05  8.852e-05 
 -4.102e+03  1.617e+00  4.228e+00  1.022e+02 -3.960e-01 -5.865e-01  6.758e+03 
  1.219e-01 -1.016e-05  2.378e-05 -1.059e-03  8.253e-06  3.562e-05 -9.339e-02  4.071e-05 
  2.321e+00 -5.894e-04 -1.457e-03  2.468e-02  1.301e-04  2.506e-04 -2.638e+00  1.183e-04  2.271e-03 
  7.772e+01 -3.241e-02 -9.284e-02  8.098e-01  7.709e-03  9.007e-03 -1.344e+02 -1.970e-04  5.763e-02  3.526e+00 
 -3.984e+00  1.228e-03  3.198e-03 -8.748e-04 -3.164e-04 -5.127e-04  5.352e+00 -1.352e-04 -2.632e-03 -1.196e-01  5.048e-03 
  1.819e+01 -7.534e-03 -1.867e-02 -1.541e+00  1.534e-03  2.034e-03 -2.904e+01 -4.944e-05  8.731e-03  4.506e-01 -1.874e-02 
  1.819e+01 -7.534e-03 -1.867e-02 -1.541e+00  1.534e-03  2.034e-03 -2.904e+01 -4.944e-05  8.731e-03  4.506e-01 -1.874e-02  1.862e-01 
  2.836e+00 -1.136e-03 -3.020e-03 -7.443e-02  2.526e-04  3.391e-04 -4.600e+00  8.914e-06  2.055e-03  9.706e-02 -3.684e-03 
  2.836e+00 -1.136e-03 -3.020e-03 -7.443e-02  2.526e-04  3.391e-04 -4.600e+00  8.914e-06  2.055e-03  9.706e-02 -3.684e-03  2.142e-02  3.579e-03 
ERR MATRIX APPROXIMATE
 PARAMETER  CORRELATION COEFFICIENTS  
       NO.  GLOBAL      1      2      3      4      5      6      7      8      9     10     11     12     13
        1  0.77741   1.000 -0.541 -0.493 -0.068  0.530  0.508 -0.589  0.226  0.575  0.489 -0.662  0.498  0.560
        2  0.99629  -0.541  1.000  0.966  0.309 -0.844 -0.670  0.980 -0.079 -0.616 -0.860  0.861 -0.870 -0.946
        3  0.99665  -0.493  0.966  1.000  0.156 -0.844 -0.575  0.947  0.069 -0.563 -0.911  0.829 -0.797 -0.930
        4  0.95982  -0.068  0.309  0.156  1.000 -0.097 -0.029  0.221 -0.030  0.092  0.077 -0.002 -0.636 -0.222
        5  0.98132   0.530 -0.844 -0.844 -0.097  1.000  0.754 -0.904  0.243  0.512  0.770 -0.836  0.667  0.792
        6  0.99028   0.508 -0.670 -0.575 -0.029  0.754  1.000 -0.758  0.593  0.559  0.510 -0.767  0.501  0.602
        7  0.99848  -0.589  0.980  0.947  0.221 -0.904 -0.758  1.000 -0.178 -0.673 -0.871  0.916 -0.819 -0.935
        8  0.93435   0.226 -0.079  0.069 -0.030  0.243  0.593 -0.178  1.000  0.389 -0.016 -0.298 -0.018  0.023
        9  0.97734   0.575 -0.616 -0.563  0.092  0.512  0.559 -0.673  0.389  1.000  0.644 -0.777  0.425  0.721
       10  0.99771   0.489 -0.860 -0.911  0.077  0.770  0.510 -0.871 -0.016  0.644  1.000 -0.896  0.556  0.864
       11  0.99469  -0.662  0.861  0.829 -0.002 -0.836 -0.767  0.916 -0.298 -0.777 -0.896  1.000 -0.611 -0.867
       12  0.99335   0.498 -0.870 -0.797 -0.636  0.667  0.501 -0.819 -0.018  0.425  0.556 -0.611  1.000  0.830
       13  0.98844   0.560 -0.946 -0.930 -0.222  0.792  0.602 -0.935  0.023  0.721  0.864 -0.867  0.830  1.000
 ERR MATRIX APPROXIMATE
 **********
 **    3 **HESSE        1000       0.001
 **********
 EIGENVALUES OF SECOND-DERIVATIVE MATRIX:
        -3.0823e-02  5.3223e-04  1.7503e-03  5.1280e-03  1.2042e-02  3.2839e-02  1.9151e-01  2.9776e-01  4.1350e-01  8.9296e-01  1.3664e+00  2.9310e+00  6.8855e+00
 MINUIT WARNING IN HESSE   
 ============== MATRIX FORCED POS-DEF BY ADDING 0.037708 TO DIAGONAL.
 FCN=307.932 FROM HESSE     STATUS=NOT POSDEF    131 CALLS        1155 TOTAL
                     EDM=11.4116    STRATEGY= 1      ERR MATRIX NOT POS-DEF
  EXT PARAMETER                APPROXIMATE     INTERNAL      INTERNAL  
  NO.   NAME      VALUE            ERROR       STEP SIZE       VALUE   
   1  b1b2_phi                8.39208e+01   1.60131e+03   1.58117e-03  -1.75427e+00
   2  mr_omega1450            1.58655e+00   6.27197e-03   3.55554e-05   1.73983e-01
   3  wr_omega1450            1.21822e+00   3.00662e-02   1.00684e-04   6.71000e-01
   4  b1b2_omega1450          2.39512e+02   1.17379e+01   1.17609e-05  -1.26002e+00
   5  mr_omega1680            1.62773e+00   3.55774e-03   2.36735e-05   2.58322e-01
   6  wr_omega1680            2.09522e-01   5.87299e-03   3.84712e-05  -6.39663e-01
   7  b1b2_omega1680          9.14699e+02   2.37125e+01   1.85171e-05  -9.56294e-01
   8  mr_omega_new            2.22828e+00   1.75587e-02   1.76476e-04   1.41864e-01
   9  wr_omega_new            8.32504e-01   6.62537e-02   3.49266e-04   7.22982e-01
  10  b1b2_omega_new          1.74447e+01   8.58289e-01   4.69644e-05  -7.09041e-01
  11  phase_omega_new         1.43433e+00   4.76772e-02   1.20410e-05   2.06365e-01
  12  back                    1.23110e+00   6.60157e-01   1.27552e-05  -1.54860e+00
  13  phase_back             -2.48873e+00   2.41457e+00   8.11403e-04  -6.71528e-01
 EXTERNAL ERROR MATRIX.    NDIM=  25    NPAR= 13    ERR DEF=1
 ELEMENTS ABOVE DIAGONAL ARE NOT PRINTED.
  5.744e+05 
 -4.153e-01  3.934e-05 
 -8.449e+00  1.001e-04  9.048e-04 
 -5.510e+03  1.522e-02 -5.093e-02  1.378e+02 
  1.634e+00 -2.219e-06 -2.275e-05 -2.245e-02  1.266e-05 
  4.849e-01 -3.126e-06  1.927e-05  5.428e-03  4.193e-06  3.449e-05 
  7.071e+02  1.018e-01  2.814e-02  8.635e+01 -2.999e-02 -4.367e-02  5.623e+02 
 -1.026e+01 -9.129e-06  9.190e-05  1.376e-01 -3.647e-05  1.601e-05 -4.187e-02  3.091e-04 
 -4.040e+01 -1.471e-05  3.569e-04  5.583e-01 -1.519e-04 -2.268e-06 -1.489e-01  1.012e-03  4.437e-03 
 -2.091e+02 -1.393e-04  1.078e-04  3.592e+00 -3.144e-04 -9.487e-04 -4.620e+00  3.017e-03  2.213e-02  7.368e-01 
  1.581e+01 -6.811e-05 -3.737e-04 -2.738e-01  3.830e-05 -7.153e-05  4.029e-02 -2.190e-04 -1.290e-03 -1.993e-02  2.273e-03 
  1.747e+02 -9.406e-04 -5.416e-03 -3.400e+00  6.223e-04 -1.453e-04 -4.703e-01 -6.029e-03 -2.368e-02 -3.080e-01  1.084e-03 
  1.747e+02 -9.406e-04 -5.416e-03 -3.400e+00  6.223e-04 -1.453e-04 -4.703e-01 -6.029e-03 -2.368e-02 -3.080e-01  1.084e-03  4.358e-01 
  1.900e+03 -1.597e-03 -1.821e-02 -2.517e+01  6.650e-03  3.894e-04 -3.385e+00 -4.055e-02 -1.507e-01 -7.473e-01  7.526e-02 
  1.900e+03 -1.597e-03 -1.821e-02 -2.517e+01  6.650e-03  3.894e-04 -3.385e+00 -4.055e-02 -1.507e-01 -7.473e-01  7.526e-02  5.947e-01  7.603e+00 
ERR MATRIX NOT POS-DEF
 PARAMETER  CORRELATION COEFFICIENTS  
       NO.  GLOBAL      1      2      3      4      5      6      7      8      9     10     11     12     13
        1  0.97571   1.000 -0.087 -0.371 -0.619  0.606  0.109  0.039 -0.770 -0.800 -0.321  0.438  0.349  0.909
        2  0.94720  -0.087  1.000  0.531  0.207 -0.099 -0.085  0.685 -0.083 -0.035 -0.026 -0.228 -0.227 -0.092
        3  0.97319  -0.371  0.531  1.000 -0.144 -0.213  0.109  0.039  0.174  0.178  0.004 -0.261 -0.273 -0.220
        4  0.98461  -0.619  0.207 -0.144  1.000 -0.538  0.079  0.310  0.667  0.714  0.356 -0.489 -0.439 -0.778
        5  0.92862   0.606 -0.099 -0.213 -0.538  1.000  0.201 -0.355 -0.583 -0.641 -0.103  0.226  0.265  0.678
        6  0.95325   0.109 -0.085  0.109  0.079  0.201  1.000 -0.314  0.155 -0.006 -0.188 -0.255 -0.037  0.024
        7  0.96502   0.039  0.685  0.039  0.310 -0.355 -0.314  1.000 -0.100 -0.094 -0.227  0.036 -0.030 -0.052
        8  0.97447  -0.770 -0.083  0.174  0.667 -0.583  0.155 -0.100  1.000  0.865  0.200 -0.261 -0.519 -0.836
        9  0.97552  -0.800 -0.035  0.178  0.714 -0.641 -0.006 -0.094  0.865  1.000  0.387 -0.406 -0.538 -0.821
       10  0.97113  -0.321 -0.026  0.004  0.356 -0.103 -0.188 -0.227  0.200  0.387  1.000 -0.487 -0.543 -0.316
       11  0.98026   0.438 -0.228 -0.261 -0.489  0.226 -0.255  0.036 -0.261 -0.406 -0.487  1.000  0.034  0.572
       12  0.96615   0.349 -0.227 -0.273 -0.439  0.265 -0.037 -0.030 -0.519 -0.538 -0.543  0.034  1.000  0.327
       13  0.99197   0.909 -0.092 -0.220 -0.778  0.678  0.024 -0.052 -0.836 -0.821 -0.316  0.572  0.327  1.000
 ERR MATRIX NOT POS-DEF
 FCN=307.932 FROM HESSE     STATUS=NOT POSDEF    131 CALLS        1155 TOTAL
                     EDM=11.4116    STRATEGY= 1      ERR MATRIX NOT POS-DEF
result_best_chisq: 307.932
(int)0
