
Processing fit_simul_besiii.c...
 **********
 **    1 **SET ERR           1
 **********
 PARAMETER DEFINITIONS:
    NO.   NAME         VALUE      STEP SIZE      LIMITS
     1 b1b2_phi                2.10160e+03  1.00000e-01    0.00000e+00  1.00000e+04
     2 mr_omega1450            1.46048e+00  1.00000e-03    1.00000e+00  2.00000e+00
     3 wr_omega1450            9.99059e-01  1.00000e-03    1.00000e-02  1.50000e+00
     4 b1b2_omega1450          1.12192e+02  1.00000e-01    0.00000e+00  1.00000e+04
     5 mr_omega1680            1.62766e+00  1.00000e-03    1.00000e+00  2.00000e+00
     6 wr_omega1680            2.36609e-01  1.00000e-03    1.00000e-02  1.00000e+00
     7 b1b2_omega1680          7.66721e+02  1.00000e-01    0.00000e+00  1.00000e+04
     8 mr_omega_new            2.20000e+00  1.00000e-03    2.00000e+00  2.50000e+00
     9 wr_omega_new            3.10000e-01  1.00000e-03    1.00000e-02  1.00000e+00
    10 b1b2_omega_new          1.00000e+01  1.00000e-02    0.00000e+00  1.00000e+03
    11 phase_omega_new         0.00000e+00  1.00000e-03   -4.00000e+00  4.00000e+00
    12 back                    2.83825e+01  1.00000e-03    0.00000e+00  1.00000e+04
    13 phase_back             -2.31770e+00  1.00000e-03   -4.00000e+00  4.00000e+00
    14 rhopi_b1b2_omega1450    1.12192e+02  1.00000e-01    0.00000e+00  1.00000e+04
    15 rhopi_b1b2_omega1680    7.66721e+02  1.00000e-01    0.00000e+00  1.00000e+04
    16 rhopi_b1b2_omega_new    1.00000e+01  1.00000e-02    0.00000e+00  1.00000e+03
    17 rhopi_back              2.83825e+01  1.00000e-03    0.00000e+00  1.00000e+04
    18 rhopi_phase_back       -2.31770e+00  1.00000e-03   -4.00000e+00  4.00000e+00
 **********
 **    2 **MIGRAD        1000       0.001
 **********
 FIRST CALL TO USER FUNCTION AT NEW START POINT, WITH IFLAG=4.
 START MIGRAD MINIMIZATION.  STRATEGY  1.  CONVERGENCE WHEN EDM .LT. 1.00e-06
 FCN=18608.1 FROM MIGRAD    STATUS=INITIATE      301 CALLS         302 TOTAL
                     EDM= unknown      STRATEGY= 1      NO ERROR MATRIX       
  EXT PARAMETER               CURRENT GUESS       STEP         FIRST   
  NO.   NAME      VALUE            ERROR          SIZE      DERIVATIVE 
   1  b1b2_phi                2.10160e+03   1.00000e-01   0.00000e+00  -1.94466e+02
   2  mr_omega1450            1.37872e+00   1.00000e-03   0.00000e+00   6.55658e+02
   3  wr_omega1450            1.09477e-01   1.00000e-03  -3.17324e-01   6.78291e+02
   4  b1b2_omega1450          1.12192e+02   1.00000e-01   0.00000e+00   5.14141e+03
   5  mr_omega1680            1.62766e+00   1.00000e-03   0.00000e+00  -9.31395e+03
   6  wr_omega1680            2.36609e-01   1.00000e-03   0.00000e+00  -7.83662e+03
   7  b1b2_omega1680          7.66721e+02   1.00000e-01   0.00000e+00  -1.78541e+04
   8  mr_omega_new            2.20000e+00   1.00000e-03   0.00000e+00   2.53463e+04
   9  wr_omega_new            3.10000e-01   1.00000e-03   0.00000e+00  -1.60746e+03
  10  b1b2_omega_new          1.00000e+01   1.00000e-02   0.00000e+00   6.40922e+03
  11  phase_omega_new         0.00000e+00   1.00000e-03   0.00000e+00  -3.18004e+04
  12  back                    2.83825e+01   1.00000e-03   0.00000e+00   7.78400e+04
  13  phase_back             -2.31770e+00   1.00000e-03   0.00000e+00   1.42307e+04
  14  rhopi_b1b2_omega1450    1.12192e+02   1.00000e-01   0.00000e+00  -1.07479e+04
  15  rhopi_b1b2_omega1680    7.66721e+02   1.00000e-01   0.00000e+00   1.97719e+04
  16  rhopi_b1b2_omega_new    1.00000e+01   1.00000e-02   0.00000e+00   3.89569e+04
  17  rhopi_back              2.83825e+01   1.00000e-03   0.00000e+00   7.52382e+05
  18  rhopi_phase_back       -2.31770e+00   1.00000e-03   0.00000e+00  -5.05288e+04
 CALL LIMIT EXCEEDED IN MIGRAD.
 MIGRAD TERMINATED WITHOUT CONVERGENCE.
 FCN=604.169 FROM MIGRAD    STATUS=CALL LIMIT   1016 CALLS        1017 TOTAL
                     EDM=8.98673    STRATEGY= 1  ERROR MATRIX UNCERTAINTY   3.9 per cent
  EXT PARAMETER                APPROXIMATE        STEP         FIRST   
  NO.   NAME      VALUE            ERROR          SIZE      DERIVATIVE 
   1  b1b2_phi                3.24209e+03   6.43725e+02   3.51349e-02  -1.58999e+01
   2  mr_omega1450            1.02916e+00   5.63666e-03   6.32518e-02  -1.92163e+00
   3  wr_omega1450            1.00548e-02   1.42436e-04   3.16736e-02   7.34174e+00
   4  b1b2_omega1450          3.11653e+02   1.62366e+01  -2.24999e-03  -1.21461e+01
   5  mr_omega1680            1.60427e+00   3.71417e-03  -1.36065e-02   8.22965e+02
   6  wr_omega1680            2.55315e-01   1.25170e-03  -1.26968e-03   1.46325e+03
   7  b1b2_omega1680          8.68780e+02   1.56472e+01   8.17987e-03   6.70492e+02
   8  mr_omega_new            2.15586e+00   2.00486e-03   2.49769e-04   1.58266e+02
   9  wr_omega_new            5.83855e-01   2.33468e-02   8.32955e-02   1.08614e+02
  10  b1b2_omega_new          1.67272e+01   1.06613e+00  -1.37884e-02  -6.74716e+02
  11  phase_omega_new        -2.12857e-01   2.95181e-02  -1.28016e-02   1.66547e+03
  12  back                    8.72098e+00   6.79335e-01  -4.31217e-03  -5.16365e+02
  13  phase_back             -2.27648e+00   9.40293e-03   1.69316e-03  -2.28986e+02
  14  rhopi_b1b2_omega1450    2.96988e+01   7.42365e+00  -2.57060e-02   2.99633e+01
  15  rhopi_b1b2_omega1680    8.76577e+02   8.44593e+00  -2.64270e-03   9.52100e+02
  16  rhopi_b1b2_omega_new    2.75934e+01   1.34673e+00   1.79235e-02   9.46309e+02
  17  rhopi_back              1.05891e+01   2.18583e-01  -1.40871e-03  -7.48106e+03
  18  rhopi_phase_back       -1.01006e+00   3.56405e-02   2.00001e-02  -8.14196e+02
 EXTERNAL ERROR MATRIX.    NDIM=  25    NPAR= 18    ERR DEF=1
 ELEMENTS ABOVE DIAGONAL ARE NOT PRINTED.
  4.170e+05 
  4.760e-01  3.178e-05 
  1.245e-02  6.008e-07  2.029e-08 
 -5.063e+02 -1.068e-02 -3.035e-04  2.636e+02 
 -1.320e-01 -1.441e-05 -3.960e-07  9.008e-03  1.380e-05 
  2.779e-02 -1.865e-06 -4.988e-08  9.775e-04  6.371e-07  1.567e-06 
  1.323e+03  5.478e-02  1.525e-03 -4.858e+01 -3.415e-02 -4.653e-03  2.448e+02 
  5.183e-03 -1.481e-06 -2.244e-08 -8.903e-05  2.301e-06  2.306e-07  2.679e-03  4.020e-06 
  2.411e+00  9.785e-05  2.707e-06 -7.620e-02 -6.291e-05 -9.162e-06  2.490e-01 -4.350e-06  5.455e-04 
 -1.133e+02 -4.223e-03 -1.131e-04  8.225e-01  2.957e-03  4.704e-04 -6.917e+00  4.489e-04 -1.910e-02  1.137e+00 
 -2.248e+00 -1.307e-04 -3.604e-06  7.502e-02  7.864e-05  8.195e-06 -3.388e-01  8.070e-06 -6.081e-04  2.536e-02  8.713e-04 
 -6.484e+01 -3.044e-03 -8.408e-05  3.129e+00  1.799e-03  2.274e-04 -8.367e+00  1.716e-05 -1.416e-02  5.582e-01  1.853e-02 
 -6.484e+01 -3.044e-03 -8.408e-05  3.129e+00  1.799e-03  2.274e-04 -8.367e+00  1.716e-05 -1.416e-02  5.582e-01  1.853e-02  4.615e-01 
  3.288e-01  1.512e-05  4.137e-07 -3.254e-02 -7.648e-06 -9.039e-07  4.567e-02 -1.874e-06  7.674e-05 -4.047e-03 -9.592e-05 
  3.288e-01  1.512e-05  4.137e-07 -3.254e-02 -7.648e-06 -9.039e-07  4.567e-02 -1.874e-06  7.674e-05 -4.047e-03 -9.592e-05 -2.238e-03  8.842e-05 
 -6.629e+02 -2.979e-02 -8.264e-04  1.687e+01  1.991e-02  2.507e-03 -7.524e+01  1.290e-03 -1.341e-01  5.931e+00  1.780e-01 
 -6.629e+02 -2.979e-02 -8.264e-04  1.687e+01  1.991e-02  2.507e-03 -7.524e+01  1.290e-03 -1.341e-01  5.931e+00  1.780e-01  4.131e+00 -1.950e-02  5.511e+01 
 -1.307e+02 -2.087e-02 -5.725e-04  2.214e+01  8.447e-03  3.734e-04 -5.761e+01 -4.167e-04 -9.299e-02  2.624e+00  1.125e-01 
 -1.307e+02 -2.087e-02 -5.725e-04  2.214e+01  8.447e-03  3.734e-04 -5.761e+01 -4.167e-04 -9.299e-02  2.624e+00  1.125e-01  2.971e+00 -1.554e-02  2.889e+01  7.133e+01 
  1.409e+02  6.179e-03  1.691e-04 -3.887e+00 -3.904e-03 -6.063e-04  1.600e+01 -3.428e-04  2.632e-02 -1.143e+00 -3.619e-02 
  1.409e+02  6.179e-03  1.691e-04 -3.887e+00 -3.904e-03 -6.063e-04  1.600e+01 -3.428e-04  2.632e-02 -1.143e+00 -3.619e-02 -8.229e-01  3.685e-03 -8.387e+00 -6.448e+00  1.814e+00 
 -1.721e+01 -9.928e-04 -2.746e-05  4.015e-01  5.891e-04  7.743e-05 -2.307e+00  4.187e-05 -4.231e-03  1.792e-01  5.747e-03 
 -1.721e+01 -9.928e-04 -2.746e-05  4.015e-01  5.891e-04  7.743e-05 -2.307e+00  4.187e-05 -4.231e-03  1.792e-01  5.747e-03  1.293e-01 -6.238e-04  1.385e+00  7.557e-01 -2.497e-01  4.778e-02 
  2.792e+00  1.670e-04  4.610e-06 -8.822e-02 -9.703e-05 -1.194e-05  4.056e-01 -4.941e-06  7.194e-04 -2.970e-02 -9.635e-04 
  2.792e+00  1.670e-04  4.610e-06 -8.822e-02 -9.703e-05 -1.194e-05  4.056e-01 -4.941e-06  7.194e-04 -2.970e-02 -9.635e-04 -2.231e-02  1.097e-04 -2.325e-01 -1.305e-01  4.374e-02 -7.058e-03  1.270e-03 
ERR MATRIX APPROXIMATE
 PARAMETER  CORRELATION COEFFICIENTS  
       NO.  GLOBAL      1      2      3      4      5      6      7      8      9     10     11     12     13     14     15     16
        1  0.71336   1.000  0.131  0.135 -0.048 -0.055  0.034  0.131  0.004  0.160 -0.165 -0.118 -0.148  0.054 -0.138 -0.024  0.162
        2  0.88989   0.131  1.000  0.748 -0.117 -0.688 -0.264  0.621 -0.131  0.743 -0.703 -0.785 -0.795  0.285 -0.712 -0.438  0.814
        3  0.95683   0.135  0.748  1.000 -0.131 -0.749 -0.280  0.684 -0.079  0.814 -0.745 -0.857 -0.869  0.309 -0.781 -0.476  0.882
        4  0.67084  -0.048 -0.117 -0.131  1.000  0.149  0.048 -0.191 -0.003 -0.201  0.048  0.157  0.284 -0.213  0.140  0.161 -0.178
        5  0.97258  -0.055 -0.688 -0.749  0.149  1.000  0.137 -0.588  0.309 -0.725  0.747  0.717  0.713 -0.219  0.722  0.269 -0.780
        6  0.90364   0.034 -0.264 -0.280  0.048  0.137  1.000 -0.238  0.092 -0.313  0.352  0.222  0.267 -0.077  0.270  0.035 -0.360
        7  0.95430   0.131  0.621  0.684 -0.191 -0.588 -0.238  1.000  0.085  0.681 -0.415 -0.733 -0.787  0.310 -0.648 -0.436  0.759
        8  0.72475   0.004 -0.131 -0.079 -0.003  0.309  0.092  0.085  1.000 -0.093  0.210  0.136  0.013 -0.099  0.087 -0.025 -0.127
        9  0.95578   0.160  0.743  0.814 -0.201 -0.725 -0.313  0.681 -0.093  1.000 -0.767 -0.882 -0.893  0.349 -0.773 -0.471  0.837
       10  0.97173  -0.165 -0.703 -0.745  0.048  0.747  0.352 -0.415  0.210 -0.767  1.000  0.806  0.771 -0.404  0.749  0.291 -0.796
       11  0.98514  -0.118 -0.785 -0.857  0.157  0.717  0.222 -0.733  0.136 -0.882  0.806  1.000  0.924 -0.346  0.812  0.451 -0.910
       12  0.97606  -0.148 -0.795 -0.869  0.284  0.713  0.267 -0.787  0.013 -0.893  0.771  0.924  1.000 -0.350  0.819  0.518 -0.900
       13  0.74337   0.054  0.285  0.309 -0.213 -0.219 -0.077  0.310 -0.099  0.349 -0.404 -0.346 -0.350  1.000 -0.279 -0.196  0.291
       14  0.93350  -0.138 -0.712 -0.781  0.140  0.722  0.270 -0.648  0.087 -0.773  0.749  0.812  0.819 -0.279  1.000  0.461 -0.839
       15  0.89609  -0.024 -0.438 -0.476  0.161  0.269  0.035 -0.436 -0.025 -0.471  0.291  0.451  0.518 -0.196  0.461  1.000 -0.567
       16  0.98527   0.162  0.814  0.882 -0.178 -0.780 -0.360  0.759 -0.127  0.837 -0.796 -0.910 -0.900  0.291 -0.839 -0.567  1.000
       17  0.94998  -0.122 -0.806 -0.882  0.113  0.726  0.283 -0.675  0.096 -0.829  0.769  0.891  0.871 -0.304  0.854  0.409 -0.848
                     1.000 -0.906
       18  0.98325   0.121  0.831  0.908 -0.152 -0.733 -0.268  0.727 -0.069  0.864 -0.782 -0.916 -0.922  0.327 -0.879 -0.434  0.911
                    -0.906  1.000
 ERR MATRIX APPROXIMATE
 **********
 **    3 **HESSE        1000       0.001
 **********
 MINUIT WARNING IN HESSE   
 ============== Negative diagonal element 3 in Error Matrix
 MINUIT WARNING IN HESSE   
 ============== 590.471 added to diagonal of error matrix
 EIGENVALUES OF SECOND-DERIVATIVE MATRIX:
        -6.0470e+00 -1.2440e-02 -4.7971e-03 -3.1053e-03 -8.2352e-04  1.3215e-02  1.8686e-02  4.1618e-02  1.4878e-01  6.9153e-01  7.7208e-01  8.7764e-01  9.2891e-01  9.8448e-01  9.9906e-01  1.6164e+00  3.7482e+00  1.3228e+01
 MINUIT WARNING IN HESSE   
 ============== MATRIX FORCED POS-DEF BY ADDING 6.060193 TO DIAGONAL.
 FCN=604.169 FROM HESSE     STATUS=NOT POSDEF    226 CALLS        1243 TOTAL
                     EDM=775.866    STRATEGY= 1      ERR MATRIX NOT POS-DEF
  EXT PARAMETER                APPROXIMATE     INTERNAL      INTERNAL  
  NO.   NAME      VALUE            ERROR       STEP SIZE       VALUE   
   1  b1b2_phi                3.24209e+03   1.51853e+02   2.63506e-03  -3.59260e-01
   2  mr_omega1450            1.02916e+00   3.69183e-03   2.31785e-02  -1.91397e+00
   3  wr_omega1450            1.00548e-02   1.47533e+00   7.00013e-04  -1.58292e+00
   4  b1b2_omega1450          3.11653e+02   5.37629e+01   1.39097e-03  -1.21586e+00
   5  mr_omega1680            1.60427e+00   3.14867e-03   3.99685e-05   2.10091e-01
   6  wr_omega1680            2.55315e-01   1.57759e-03   2.37075e-05  -5.28702e-01
   7  b1b2_omega1680          8.68780e+02   1.82837e+01   3.18432e-05  -9.72407e-01
   8  mr_omega_new            2.15586e+00   1.28100e-03   9.40625e-05  -6.66928e+00
   9  wr_omega_new            5.83855e-01   9.10087e-03   2.60735e-04   1.59985e-01
  10  b1b2_omega_new          1.67272e+01   7.14096e-01   2.89761e-05  -1.83019e+00
  11  phase_omega_new        -2.12857e-01   9.25264e-03   1.71766e-05  -5.32395e-02
  12  back                    8.72098e+00   2.55276e-01   2.13636e-05  -1.51173e+00
  13  phase_back             -2.27648e+00   4.89502e-02   6.49000e-05  -6.05435e-01
  14  rhopi_b1b2_omega1450    2.96988e+01   2.57835e+01   1.44651e-03  -1.67984e+00
  15  rhopi_b1b2_omega1680    8.76577e+02   4.48998e+00   3.36754e-05  -9.69644e-01
  16  rhopi_b1b2_omega_new    2.75934e+01   1.63432e-01   2.36302e-05  -1.23702e+00
  17  rhopi_back              1.05891e+01   9.83066e-02   6.30883e-06  -1.50570e+00
  18  rhopi_phase_back       -1.01006e+00   1.68796e-02   8.27434e-05  -2.55278e-01
 EXTERNAL ERROR MATRIX.    NDIM=  25    NPAR= 18    ERR DEF=1
 ELEMENTS ABOVE DIAGONAL ARE NOT PRINTED.
  2.307e+04 
  3.013e-02  1.363e-05 
  1.008e+01  2.314e-05  7.670e-03 
  4.704e+03  1.077e-02  3.594e+00  2.891e+03 
 -3.531e-01 -8.040e-07 -2.695e-04 -1.258e-01  9.914e-06 
 -1.770e-01 -4.034e-07 -1.352e-04 -6.307e-02  4.731e-06  2.489e-06 
 -2.072e+03 -4.720e-03 -1.580e+00 -7.362e+02  5.539e-02  2.778e-02  3.343e+02 
  1.213e-01  2.726e-07  9.248e-05  4.312e-02 -3.222e-06 -1.619e-06 -1.897e-02  1.641e-06 
 -9.311e-01 -2.124e-06 -7.115e-04 -3.324e-01  2.487e-05  1.247e-05  1.463e-01 -8.410e-06  8.284e-05 
  8.093e+01  1.844e-04  6.170e-02  2.875e+01 -2.164e-03 -1.085e-03 -1.267e+01  7.417e-04 -5.720e-03  5.099e-01 
 -1.033e+00 -2.351e-06 -7.886e-04 -3.680e-01  2.759e-05  1.384e-05  1.621e-01 -9.406e-06  7.274e-05 -6.330e-03  8.561e-05 
 -1.272e+01 -3.071e-05 -9.706e-03 -4.503e+00  3.448e-04  1.719e-04  2.010e+00 -1.271e-04  8.984e-04 -7.841e-02  1.011e-03 
 -1.272e+01 -3.071e-05 -9.706e-03 -4.503e+00  3.448e-04  1.719e-04  2.010e+00 -1.271e-04  8.984e-04 -7.841e-02  1.011e-03  6.517e-02 
  5.552e+00  1.266e-05  4.233e-03  1.972e+00 -1.484e-04 -7.444e-05 -8.695e-01  5.092e-05 -3.920e-04  3.396e-02 -4.344e-04 
  5.552e+00  1.266e-05  4.233e-03  1.972e+00 -1.484e-04 -7.444e-05 -8.695e-01  5.092e-05 -3.920e-04  3.396e-02 -4.344e-04 -5.297e-03  2.396e-03 
  2.694e+03  6.148e-03  2.045e+00  9.576e+02 -7.199e-02 -3.611e-02 -4.211e+02  2.462e-02 -1.905e-01  1.645e+01 -2.107e-01 
  2.694e+03  6.148e-03  2.045e+00  9.576e+02 -7.199e-02 -3.611e-02 -4.211e+02  2.462e-02 -1.905e-01  1.645e+01 -2.107e-01 -2.591e+00  1.128e+00  6.653e+02 
 -3.600e+02 -8.247e-04 -2.771e-01 -1.304e+02  9.623e-03  4.816e-03  5.722e+01 -3.311e-03  2.510e-02 -2.234e+00  2.809e-02 
 -3.600e+02 -8.247e-04 -2.771e-01 -1.304e+02  9.623e-03  4.816e-03  5.722e+01 -3.311e-03  2.510e-02 -2.234e+00  2.809e-02  3.459e-01 -1.532e-01 -7.512e+01  2.016e+01 
 -1.270e+01 -2.904e-05 -9.774e-03 -4.602e+00  3.392e-04  1.697e-04  2.019e+00 -1.166e-04  8.907e-04 -7.882e-02  9.895e-04 
 -1.270e+01 -2.904e-05 -9.774e-03 -4.602e+00  3.392e-04  1.697e-04  2.019e+00 -1.166e-04  8.907e-04 -7.882e-02  9.895e-04  1.219e-02 -5.407e-03 -2.650e+00  3.141e-01  2.671e-02 
  8.549e+00  1.961e-05  6.572e-03  3.090e+00 -2.289e-04 -1.145e-04 -1.356e+00  7.930e-05 -5.964e-04  5.296e-02 -6.689e-04 
  8.549e+00  1.961e-05  6.572e-03  3.090e+00 -2.289e-04 -1.145e-04 -1.356e+00  7.930e-05 -5.964e-04  5.296e-02 -6.689e-04 -8.244e-03  3.633e-03  1.779e+00 -2.168e-01 -7.630e-03  9.664e-03 
  1.424e+00  3.289e-06  1.090e-03  5.108e-01 -3.829e-05 -1.917e-05 -2.245e-01  1.357e-05 -9.965e-05  8.770e-03 -1.122e-04 
  1.424e+00  3.289e-06  1.090e-03  5.108e-01 -3.829e-05 -1.917e-05 -2.245e-01  1.357e-05 -9.965e-05  8.770e-03 -1.122e-04 -1.388e-03  6.017e-04  2.938e-01 -3.825e-02 -1.370e-03  9.009e-04  2.849e-04 
ERR MATRIX NOT POS-DEF
 PARAMETER  CORRELATION COEFFICIENTS  
       NO.  GLOBAL      1      2      3      4      5      6      7      8      9     10     11     12     13     14     15     16
        1  0.75908   1.000  0.054  0.758  0.576 -0.738 -0.739 -0.746  0.623 -0.674  0.746 -0.735 -0.328  0.747  0.688 -0.528 -0.511
        2  0.07279   0.054  1.000  0.072  0.054 -0.069 -0.069 -0.070  0.058 -0.063  0.070 -0.069 -0.033  0.070  0.065 -0.050 -0.048
        3  0.99849   0.758  0.072  1.000  0.763 -0.977 -0.978 -0.987  0.824 -0.893  0.987 -0.973 -0.434  0.987  0.905 -0.705 -0.683
        4  0.76578   0.576  0.054  0.763  1.000 -0.743 -0.744 -0.749  0.626 -0.679  0.749 -0.740 -0.328  0.749  0.690 -0.540 -0.524
        5  0.97896  -0.738 -0.069 -0.977 -0.743  1.000  0.952  0.962 -0.799  0.868 -0.962  0.947  0.429 -0.963 -0.886  0.681  0.659
        6  0.97968  -0.739 -0.069 -0.978 -0.744  0.952  1.000  0.963 -0.801  0.869 -0.963  0.948  0.427 -0.964 -0.887  0.680  0.658
        7  0.98728  -0.746 -0.070 -0.987 -0.749  0.962  0.963  1.000 -0.810  0.879 -0.971  0.958  0.431 -0.971 -0.893  0.697  0.676
        8  0.83036   0.623  0.058  0.824  0.626 -0.799 -0.801 -0.810  1.000 -0.721  0.811 -0.794 -0.389  0.812  0.745 -0.576 -0.557
        9  0.89612  -0.674 -0.063 -0.893 -0.679  0.868  0.869  0.879 -0.721  1.000 -0.880  0.864  0.387 -0.880 -0.811  0.614  0.599
       10  0.98722   0.746  0.070  0.987  0.749 -0.962 -0.963 -0.971  0.811 -0.880  1.000 -0.958 -0.430  0.971  0.893 -0.697 -0.675
       11  0.97499  -0.735 -0.069 -0.973 -0.740  0.947  0.948  0.958 -0.794  0.864 -0.958  1.000  0.428 -0.959 -0.883  0.676  0.654
       12  0.44114  -0.328 -0.033 -0.434 -0.328  0.429  0.427  0.431 -0.389  0.387 -0.430  0.428  1.000 -0.424 -0.394  0.302  0.292
       13  0.98791   0.747  0.070  0.987  0.749 -0.963 -0.964 -0.971  0.812 -0.880  0.971 -0.959 -0.424  1.000  0.894 -0.697 -0.676
       14  0.90627   0.688  0.065  0.905  0.690 -0.886 -0.887 -0.893  0.745 -0.811  0.893 -0.883 -0.394  0.894  1.000 -0.649 -0.629
       15  0.72312  -0.528 -0.050 -0.705 -0.540  0.681  0.680  0.697 -0.576  0.614 -0.697  0.676  0.302 -0.697 -0.649  1.000  0.428
       16  0.70193  -0.511 -0.048 -0.683 -0.524  0.659  0.658  0.676 -0.557  0.599 -0.675  0.654  0.292 -0.676 -0.629  0.428  1.000
       17  0.77704   0.573  0.054  0.763  0.585 -0.739 -0.739 -0.755  0.630 -0.667  0.754 -0.735 -0.328  0.755  0.702 -0.491 -0.475
                     1.000  0.543
       18  0.74040   0.555  0.053  0.738  0.563 -0.720 -0.720 -0.728  0.628 -0.649  0.728 -0.718 -0.322  0.728  0.675 -0.505 -0.496
                     0.543  1.000
 ERR MATRIX NOT POS-DEF
 FCN=604.169 FROM HESSE     STATUS=NOT POSDEF    226 CALLS        1243 TOTAL
                     EDM=775.866    STRATEGY= 1      ERR MATRIX NOT POS-DEF
